5
1 2 3 4 5 6 7 8 9 10 11 12 13 14 15 16 17 18 19 20 21 22 23 24 25 26 27 28 29 30 31 22
5
32 31 30 29 28 27 26 25 24 23 22 21 20 19 18 17 16 15 14 13 12 11 10 9 8 7 6 5 4 3 2 1
5
22 21 24 23 18 17 20 19 30 29 32 31 26 25 28 27 6 5 8 7 2 1 4 3 14 13 16 15 10 9 12 11
5
11 12 9 10 15 16 13 14 3 4 1 2 7 8 5 6 27 28 25 26 31 32 29 30 19 20 17 18 23 24 21 22
6
22 21 24 23 18 17 20 19 30 29 32 31 26 25 28 27 6 5 8 7 2 1 4 3 14 13 16 15 10 9 12 11 54 53 56 55 50 49 52 51 62 61 64 63 58 57 60 59 38 37 40 39 34 33 36 35 46 45 48 47 42 41 44 43
6
43 44 41 42 47 48 45 46 35 36 33 34 39 40 37 38 59 60 57 58 63 64 61 62 51 52 49 50 55 56 53 54 11 12 9 10 15 16 13 14 3 4 1 2 7 8 5 6 27 28 25 26 31 32 29 30 19 20 17 18 23 24 21 22
7
43 44 41 42 47 48 45 46 35 36 33 34 39 40 37 38 59 60 57 58 63 64 61 62 51 52 49 50 55 56 53 54 11 12 9 10 15 16 13 14 3 4 1 2 7 8 5 6 27 28 25 26 31 32 29 30 19 20 17 18 23 24 21 22 107 108 105 106 111 112 109 110 99 100 97 98 103 104 101 102 123 124 121 122 127 128 125 126 115 116 113 114 119 120 117 118 75 76 73 74 79 80 77 78 67 68 65 66 71 72 69 70 91 92 89 90 95 96 93 94 83 84 81 82 87 88 85 86
7
86 85 88 87 82 81 84 83 94 93 96 95 90 89 92 91 70 69 72 71 66 65 68 67 78 77 80 79 74 73 76 75 118 117 120 119 114 113 116 115 126 125 128 127 122 121 124 123 102 101 104 103 98 97 100 99 110 109 112 111 106 105 108 107 22 21 24 23 18 17 20 19 30 29 32 31 26 25 28 27 6 5 8 7 2 1 4 3 14 13 16 15 10 9 12 11 54 53 56 55 50 49 52 51 62 61 64 63 58 57 60 59 38 37 40 39 34 33 36 35 46 45 48 47 42 41 44 43
5
22 21 24 23 18 17 20 19 30 29 32 31 26 25 28 27 6 5 8 7 2 1 4 3 14 13 16 15 10 9 12 11
